280	0.04686898258669324	0.6914427382843932	0.26168827912891357
285	0.049519182732476734	0.6934138692647019	0.25706694800282137
290	0.05470734586513102	0.6933885596460683	0.2519040944888007
295	0.06070218370963435	0.6926197661470768	0.24667805014328892
300	0.06586757698054058	0.6923172545213113	0.2418151684981481
305	0.06924724869515086	0.7486056073025857	0.1821471440022634
310	0.07008750792511097	0.8095342621449504	0.12037822992993863
315	0.06821187051677786	0.8419098212234485	0.08987830825977361
320	0.06394966357328526	0.876798321795044	0.059252014631670735
325	0.057896201849718026	0.8957007572479028	0.04640304090237923
330	0.05090060789891023	0.9154666666027913	0.03363272549829843
335	0.04385892269699317	0.9336833935304989	0.022457683772507897
340	0.03754713618231647	0.9448360484188263	0.01761681539885729
345	0.032568249647905244	0.9546191902439446	0.012812560108150128
350	0.029298524303209977	0.9626411025753405	0.008060373121449471
355	0.027780676983685422	0.9659308202324177	0.00628850278389681
360	0.0278698155261721	0.9675801705673999	0.004550013906428063
365	0.029242599067660104	0.96790478579746	0.002852615134879888
370	0.03148186213416576	0.9662671609887988	0.00225097687703546
375	0.03412984224794282	0.9639242973020234	0.001945860450033754
380	0.036762448551445	0.9615873848721456	0.0016501665764094842
385	0.039030147677610295	0.9596192734610506	0.0013505788613391578
390	0.04066139412079076	0.9582780696326829	0.0010605362465263557
395	0.041494197207112414	0.9575930178490153	0.000912784943872258
400	0.04145105019127074	0.9577793418743545	0.0007696079343747497
405	0.04053252424926616	0.9587937099096664	0.0006737658410674863
410	0.038791383889441915	0.9605336424920734	0.0006749736184846755
415	0.03635620230761419	0.9629670994771209	0.0006766982152649481
420	0.03337718323812529	0.9659440412188713	0.0006787755430033293
425	0.030017280536808404	0.9692702737424013	0.0007124457207903223
430	0.026470773468339454	0.9727834824368553	0.0007457440948052119
435	0.02289887958947191	0.9763225431904926	0.0007785772200354923
440	0.019468808498151764	0.9797611346089531	0.0007700568928951101
445	0.01631915891290358	0.9829294501785735	0.000751390908522942
450	0.013561998641907375	0.9857052050085049	0.0007327963495877832
455	0.011283992056884967	0.9880018394649658	0.0007141684781492019
460	0.009534820064414024	0.9897696619644827	0.0006955179711033432
465	0.00833009188278917	0.9909869479096329	0.000682960207577854
470	0.007675098764719825	0.9916546173301417	0.0006702839051384579
475	0.007535707481990809	0.9918067674601407	0.0006575250578684244
480	0.007864152904178731	0.9914911208660007	0.0006447262298205914
485	0.008602681158719568	0.9907654110078725	0.0006319078334079409
490	0.009671553982043498	0.9897092678785528	0.0006191781394037088
495	0.011001614719343512	0.9883918280177606	0.0006065572628959348
500	0.012512223110861833	0.9868936820820295	0.0005940948071085916
505	0.01413090962145668	0.9852992478352478	0.0005698425432955068
510	0.01578716853449217	0.9836667304350846	0.000546101030423296
515	0.017418852308233146	0.9820582332946594	0.000522914397107499
520	0.01897186554705031	0.9805278889818388	0.0005002454711108273
525	0.020400794197573447	0.9791210846233451	0.0004781211790814144
530	0.021669092133033637	0.9778743709536872	0.0004565369132791819
535	0.022748920968947307	0.9768155741667465	0.00043550486430621316
540	0.023620731360937255	0.975964305444754	0.0004149631943087817
545	0.024262950039161985	0.9753421304740476	0.00039491948679037936
550	0.024689809715313274	0.9749072035527021	0.00040298673198457813
555	0.02488324626599509	0.974698915568578	0.0004178381654268426
560	0.024870241208893595	0.9746972503523208	0.00043250843878561707
565	0.024642141813424688	0.9749108402735202	0.0004470179130551255
570	0.02422453311503865	0.9753140746955999	0.00046139218936136484
575	0.02363583296087554	0.9758885733829928	0.0004755936561315899
580	0.022905036664105954	0.9766053206076041	0.0004896427282899962
585	0.02203702404524679	0.9774598683842252	0.0005031075705280719
590	0.021064041695579308	0.9784195494357344	0.0005164088686863133
595	0.020009834835403438	0.9794605804899128	0.0005295846746837807
600	0.01889812632309081	0.9805592854934562	0.0005425881834529855
605	0.017752192820760127	0.9816923530249967	0.0005554541542431846
610	0.016594497455248446	0.9828373479941674	0.0005681545505841212
615	0.015446377281201473	0.983972961403967	0.0005806613148315876
620	0.014327783568411846	0.9850792099132114	0.000593006518376793
625	0.013257090621427168	0.9861492676574016	0.0005936417211711564
630	0.01225177452262366	0.9871539680714374	0.0005942574059389916
635	0.011325615900205532	0.9880795783362084	0.0005948057635860593
640	0.010493969136259364	0.988910714062862	0.0005953168008786536
645	0.009763186753333252	0.9896410655216399	0.0005957477250269072
650	0.009143868432846359	0.9902600007099933	0.0005961308571603707
655	0.008647375651912042	0.9907562034116177	0.0005964209364701656
660	0.008270170018380029	0.991133171737495	0.0005966582441249146
665	0.008024704102052064	0.991404707531977	0.0005705883659710143
670	0.007902090464202725	0.9915530807641039	0.0005448287716933731
675	0.007912990736201669	0.9915676527701484	0.0005193564936499806
680	0.008044399059259341	0.9914613840207621	0.0004942169199785296
685	0.008304972587672571	0.9912256392316735	0.00046938818065389576
690	0.008678898706171691	0.9908762224833374	0.00044487881049093403
695	0.00917268467684586	0.9904066469346283	0.00042066838852583555
700	0.009774374117363172	0.9898288275149941	0.0003967983676427256
705	0.010472151667950572	0.9891334007046533	0.000394447627396155
710	0.01126913886517572	0.9883387715231005	0.0003920896117237671
715	0.012152203831537953	0.9874580667340455	0.0003897294344166191
720	0.013113270933061517	0.9864993589458682	0.00038737012107037394
725	0.01414096711045846	0.9854740169644307	0.00038501592511086535
730	0.015233763671462657	0.9843835691375955	0.0003826671909418211
735	0.016379641076035536	0.9832400474201263	0.00038031150383821544
740	0.017570339930210233	0.9820516745865484	0.00037798548324130543
745	0.018797762792198348	0.9808265622750866	0.00037567493271506436
750	0.0200542662550728	0.979572351367221	0.00037338237770623284
755	0.02133252225187042	0.978296367569571	0.00037111017855862016
760	0.02262475967197144	0.9770063795069592	0.00036886082106935003
765	0.023924047706093188	0.9757093158620459	0.00036663643186096717
770	0.02522383574001817	0.974411725300799	0.0003644389591828112
775	0.02651797289860243	0.9731197569313031	0.0003622701700943809
780	0.027800721213043715	0.9718391471369101	0.00036013165004622483
785	0.029066763127192474	0.9705752120683048	0.00035802480450275453
790	0.030311204036621527	0.9693328451010725	0.00035595086230588713
795	0.03152957052217756	0.9681165339001386	0.00035389557768383817
800	0.032717804901274856	0.9669303045371057	0.000351890561619439
805	0.033872256674220495	0.9657778221985102	0.0003499211272693925
810	0.03498967139912809	0.9646623407454782	0.00034798785539369437
815	0.036067177477394956	0.963586731339135	0.0003460911834700653
820	0.03710227128535365	0.9625534973004914	0.0003442314141548497
825	0.03809280103976763	0.9615647902363083	0.0003424087239241036
830	0.03903694973948176	0.960622427088705	0.00034062317181315915
835	0.03993321748251743	0.9597279078093777	0.00033887470810489706
840	0.04078040341769633	0.9588824333993803	0.00033716318292342784
845	0.04157758755275138	0.9580869240926246	0.0003354883546239362
850	0.04232411260694785	0.9573420374951028	0.0003338498979493787
855	0.04300706769325247	0.9566606946161565	0.0003322376905909863
860	0.043651001228766806	0.9560183279007812	0.00033067087045202115
865	0.04424373736003985	0.9554271236328216	0.00032913900713860134
870	0.044785493704094896	0.954886864779369	0.0003276415165360813
875	0.04527666501512131	0.9543971572180411	0.000326177766837632
880	0.04571780775722746	0.9539574451581592	0.00032474708461338597
885	0.046109625344022395	0.9535670258954657	0.0003233487605118768
890	0.04643933688885458	0.953238676458478	0.00032198665266736093
895	0.0467351041597815	0.9529442450489978	0.00032065079122067797
900	0.046984431828207045	0.9526962231862565	0.00031934498553654045
905	0.04718847654064091	0.9524934550267252	0.00031806843263382234
910	0.047348478498539744	0.9523347011847549	0.00031682031670532407
915	0.04745229376299688	0.9522321150432761	0.00031559119372703837
920	0.04752832934719461	0.9521572731648873	0.0003143974879180611
925	0.04756446756018161	0.9521223027198359	0.0003132297199824885
930	0.04756218236513999	0.9521257305783057	0.0003120870565542777
935	0.04752298468545013	0.9521660466478525	0.00031096866669733103
940	0.04743579385747592	0.9522543283126078	0.0003098778299163163
945	0.04732765126797456	0.9523635433080884	0.0003088054239370752
950	0.04718729902849332	0.9525049461425588	0.00030775482894795925
955	0.04701632496832946	0.9526769497869252	0.0003067252447453983
960	0.04680476919387717	0.9528895112181066	0.0003057195880161734
965	0.04657764110131642	0.9531176293386521	0.0003047295600314692
970	0.046324678589371567	0.953371575548413	0.0003037458622153766
975	0.04603689541357951	0.9536603087233365	0.0003027958630840155
980	0.04573733859653339	0.9539608018124124	0.000301859591054221
985	0.04541664604348621	0.9542824141490129	0.00030093980750089955
990	0.045076342915165414	0.9546236212676139	0.0003000358172207118
995	0.044708883098587386	0.954991967124995	0.00029914977641765095
1000	0.0443342460639323	0.9553674787130395	0.000298275223028166
1005	0.04394443575476066	0.9557581497608659	0.0002974144843733706
1010	0.0435330687911926	0.9561703618504392	0.00029656935836819276
1015	0.04311756530146393	0.9565867004344748	0.0002957342640612648
1020	0.04269105264451979	0.9570140361779138	0.00029491117756641483
1025	0.0422483594842963	0.9574575389875338	0.00029410152816988777
1030	0.041804192198830935	0.9579025188444251	0.0002932889567439645
1035	0.04135286326096101	0.9583546382406043	0.0002924984984347123
1040	0.040890444119039956	0.9588178364098519	0.0002917194711081761
1045	0.04042882741163017	0.9592802244667938	0.0002909481215760401
1050	0.03996355252847772	0.9597462617842779	0.0002901856872443709
1055	0.039491946732466	0.9602186204152912	0.00028943285224281023
1060	0.03902303856862094	0.9606882746534409	0.0002886867779381408
1065	0.03855361688787482	0.9611322939017952	0.00031408921032993753
1070	0.03808226151496288	0.9615784583509608	0.0003392801340763585
1075	0.03761513129318936	0.9620205971245118	0.00036427158229879186
1080	0.03715027015646936	0.9624606854478676	0.00038904439566311844
1085	0.03668749119108342	0.9628988961721464	0.00041361263677019977
1090	0.03623011776266358	0.9633319047881042	0.0004379774492322408
1095	0.03577743731298179	0.9637604211548909	0.0004621415321273137
1100	0.035330464014305354	0.9641834182292796	0.00048611775641504984
1105	0.034889754954157054	0.9646003590427537	0.0005098860030893215
1110	0.03445581499953561	0.9650107257780476	0.0005334592224167656
1115	0.03403081481877621	0.9654123469244609	0.0005568382567628927
1120	0.03361264464616875	0.9658073290798737	0.0005800262739575901
1125	0.03320298754426854	0.9661939882149133	0.0006030242408181508
1130	0.0328051155640947	0.9665690417838159	0.0006258426520894256
1135	0.0324143771543765	0.966937158158384	0.0006484646872395583
1140	0.03203710845163136	0.9672919929064426	0.0006708986419260432
1145	0.031667042133120965	0.9676398074346473	0.0006931504322317261
1150	0.031307707923526246	0.967977072796195	0.0007152192802787338
1155	0.030964068069339126	0.9682988184239484	0.0007371135067124612
1160	0.0306275671996261	0.968613612900208	0.0007588199001659079
1165	0.03030275708798502	0.9689168957908902	0.0007803471211247359
1170	0.029995515035708284	0.9692027932330193	0.0008016917312724248
1175	0.02969517036070018	0.9694819658447185	0.0008228637945814077
1180	0.02941345457773548	0.9697426803017348	0.0008438651205296965
1185	0.029138387084502317	0.9699969263241278	0.0008646865913698454
1190	0.028876058157250452	0.9702386071718947	0.0008853346708548315
1195	0.028633690446114513	0.9704605056909429	0.0009058038629425891
1200	0.028397498522103055	0.9706763933998102	0.0009261080780867958
1205	0.028181987288561205	0.9708717677879963	0.0009462449234424186
1210	0.027972274842623445	0.9710615155608421	0.0009662095965344841
1215	0.027775763652097562	0.9712382300101429	0.0009860063377595818
1220	0.02760078476403325	0.9713936276143453	0.0010055876216213955
1225	0.02743097727761509	0.9715439413294192	0.0010250813929656433
1230	0.027283122066941203	0.9716724770582162	0.0010444008748425881
1235	0.027139981022884733	0.9717964535164675	0.0010635654606477862
1240	0.027010029390715812	0.9719075018417649	0.0010824687675192735
1245	0.02690246436031587	0.9719962368500061	0.001101298789678018
1250	0.026798897480211747	0.9720811242279226	0.0011199782918656087
1255	0.026708330421096674	0.972153268655341	0.0011384009235623216
1260	0.026640364179657375	0.9722028844907422	0.0011567513296003584
1265	0.026575654197244922	0.9722493902294271	0.0011749555733279182
1270	0.026533573569901405	0.9722734350138984	0.0011929914162002175
1275	0.026494245261630103	0.9722949665711051	0.0012107881672647203
1280	0.02646735538549784	0.9723041174879591	0.0012285271265430886
1285	0.02646299089742209	0.9722909089791183	0.0012461001234596036
1290	0.02646063186199934	0.9722759286723807	0.0012634394656200199
1295	0.02648063427000146	0.9722386560869076	0.0012807096430909048
1300	0.026502148837087503	0.9722000074176883	0.0012978437452242364
1305	0.02653531106972467	0.972149859382922	0.0013148295473534022
1310	0.026590469750057133	0.9720779696911702	0.0013315605587725932
1315	0.026646427275919135	0.9720053193569341	0.0013482533671467234
1320	0.02672406132354409	0.9719111521444606	0.0013647865319953434
1325	0.02680203396700431	0.971816775333258	0.0013811906997376333
1330	0.026890707302068797	0.9717119320838973	0.001397360614033949
1335	0.027000483074126405	0.9715860508898938	0.0014134660359798046
1340	0.02710994648400953	0.9714606068903326	0.0014294466256578042
1345	0.027240069190723405	0.9713147489191101	0.0014451818901665137
1350	0.0273694685701208	0.9711696452652491	0.0014608861646301374
1355	0.02750852645000699	0.9710150195635205	0.001476453986472448
1360	0.027667506597529156	0.9708406229151063	0.0014918704873645439
1365	0.0278251949837558	0.9706677254471725	0.001507079569071701
1370	0.028002268087545253	0.9704755026192926	0.0015222292931621473
1375	0.028177698625763546	0.9702850377766902	0.0015372635975462456
1380	0.028361699730316728	0.970086221076735	0.001552079192948197
1385	0.028564225773289393	0.9698689363245379	0.001566837902172713
1390	0.028764636112984642	0.9696538788338167	0.0015814850531986613
1395	0.028982964283120912	0.969421046662136	0.0015959890547431188
1400	0.029198892462846085	0.9691908105170202	0.0016102970201337108
1405	0.029422296535515494	0.9689531354090212	0.0016245680554632935
1410	0.029662670308176427	0.9686986300357522	0.0016386996560714406
1415	0.029900272889446102	0.968447087243173	0.0016526398673809561
1420	0.030154189589797962	0.9681792808906097	0.0016665295195923413
1425	0.030405120005621202	0.9679145638368313	0.00168031615754749
1430	0.030662454673908105	0.9676435606877969	0.0016939846382949542
1435	0.030935095939422532	0.9673574686543117	0.0017074354062657227
1440	0.031204483385103794	0.9670746449927162	0.0017208716221799314
1445	0.03147965342711423	0.9667861532652349	0.0017341933076508997
1450	0.031769098621942375	0.9664835991677697	0.0017473022102879598
1455	0.03205508377879072	0.9661845173366629	0.001760398884546377
1460	0.03235464617519943	0.9658719845928596	0.0017733692319409355
1465	0.03265064268755946	0.9655631119288028	0.0017862453836376968
1470	0.03295142952513913	0.9652496400174181	0.0017989304574427267
1475	0.033264739027928945	0.9649236848530882	0.0018115761189828605
1480	0.033574375384680805	0.9646014940083449	0.0018241306069742835
1485	0.03389582742825523	0.9642676069529122	0.0018365656188324975
1490	0.03421356479168068	0.9639376051155789	0.0018488300927403944
1495	0.03453516685164578	0.9636037597203454	0.001861073428008786
1500	0.034867524105703034	0.963259274440164	0.0018732014541329445
1505	0.03519615222004564	0.9629186851884536	0.001885162591500733
1510	0.03553482972139115	0.9625680783644643	0.0018970919141445552
1515	0.03586979616525543	0.9622212673363203	0.001908936498424274
1520	0.03620777545048983	0.9618715405508773	0.0019206839986328772
1525	0.03655475139696476	0.9615130046387157	0.0019322439643195688
1530	0.036898086940872564	0.9611581118640535	0.0019438011950738687
1535	0.03724396439051372	0.9605969935032399	0.0021590421062464005
1540	0.03759779574128495	0.9600294674076569	0.0023727368510580993
1545	0.037948104334494775	0.9594671255499896	0.002584770115515611
1550	0.038305678813517534	0.9588990360115106	0.002795285174971851
1555	0.03865983231051726	0.9583359971003522	0.003004170589130495
1560	0.039015796905809925	0.9577726212787416	0.00321158181544845
1565	0.039378008157615677	0.9572046292287442	0.003417362613640118
1570	0.03973698710009939	0.9566412990498989	0.003621713850001651
1575	0.040097377622781816	0.9560781417807833	0.0038244805964349204
1580	0.04046301310288544	0.9555111734348847	0.004025813462229855
1585	0.040825643185700776	0.9549487490538524	0.004225607760446781
1590	0.041189312504314145	0.954386674697843	0.00442401279784288
1595	0.04155724465314168	0.9538218799189344	0.004620875427923887
1600	0.04192243330252008	0.9532611738770019	0.004816392820477966
1605	0.04229124225962927	0.9526983605522018	0.005010397188168869
1610	0.042657499361112815	0.9521394176566398	0.0052030829822473645
1615	0.04302423353253378	0.9515814672098134	0.005394299257652779
1620	0.043393642183246185	0.9510221632469522	0.005584194569801637
1625	0.04376081212571096	0.9504665255671416	0.005772662307147458
1630	0.04412815572572205	0.9499119952557996	0.005959849018478347
1635	0.04449725131285393	0.9493571381580095	0.006145610529136536
1640	0.04486444792615257	0.9488054232129395	0.006330128860907891
1645	0.04523153891159665	0.9482552013683495	0.006513259720053788
1650	0.04559948363076802	0.947705362452527	0.006695153916704943
1655	0.04596589272113172	0.9471584115320129	0.006875695746855426
1660	0.04633193999799138	0.9466130264651642	0.007055033536844446
1665	0.04669796764003762	0.9460692133705091	0.007232818989453271
1670	0.047062843785759305	0.9455272978704493	0.007409858343791376
1675	0.04742713301785662	0.9449872092419314	0.007585657740212026
1680	0.047790536443589215	0.9444499386009981	0.0077595249554126555
1685	0.04815319964223998	0.9439139143831248	0.007932885974635262
1690	0.04851444505412146	0.943380505750354	0.00810504919552446
1695	0.04887521749014126	0.9428494633051031	0.00827531920475566
1700	0.04923504978568954	0.9423198384406712	0.008445111773639269
1705	0.04959265915969985	0.9417935925078398	0.008613748332460425
1710	0.049950222252139534	0.9412692488689685	0.008780528878892024
1715	0.050306664323103795	0.9407464757845839	0.008946859892312253
1720	0.05066010410854322	0.9402285065564597	0.009111389334997
1725	0.05101393587592091	0.93971059202548	0.009275472098599025
1730	0.051366483649208636	0.9391950709012536	0.009438445449537758
1735	0.05171527550213994	0.9386850592944812	0.009599665203378849
1740	0.05206490693807393	0.9381746351213001	0.009760457940625966
1745	0.052413108252565836	0.9376667172268083	0.00992017452062588
1750	0.052756825558092996	0.937164989594536	0.010078184847370997
1755	0.05310183738481176	0.9366623761644797	0.01023578645070855
1760	0.05344528872838527	0.9361623671100724	0.010392344161542333
1765	0.053783553268133555	0.9356692044281977	0.010547242303668769
1770	0.05412357271998136	0.9351746785907773	0.010701748689241342
1775	0.0544619160586635	0.9346828414767527	0.010855242464583803
1780	0.054794394769864516	0.934198482559493	0.011007122670642522
1785	0.05512909249299621	0.9337122807009979	0.011158626806005878
1790	0.055462012206630974	0.9332288391514239	0.01130914864194521
1795	0.05579312239090787	0.9327488325446169	0.01145804506447523
1800	0.05611750112567701	0.9322758047338434	0.011606694140479545
1805	0.056444721060814745	0.9318009458054146	0.011754333133770611
1810	0.05677004638035526	0.9313295714710544	0.01190038214859035
1815	0.057088019106501	0.9308657655490372	0.01204621534446182
1820	0.05740929974008853	0.930400284926131	0.012190415333780402
1825	0.05772861226399351	0.9299370432094958	0.012334344526510721
1830	0.05803997457188287	0.9294825789041656	0.012477446523951441
1835	0.05835511036082665	0.929025950095037	0.012618939544136398
1840	0.05866821522177294	0.9285716020606773	0.01276018271754975
1845	0.05897279528665369	0.9281265693159242	0.012900635397422144
1850	0.05928161206558153	0.9276788859143116	0.013039502020106841
1855	0.05958834498574099	0.9272335160482816	0.013178138965977415
1860	0.05989297797121443	0.9267910993841486	0.01331592264463699
1865	0.060188353598427065	0.9263593068227223	0.013452339578850614
1870	0.06048857849254219	0.9259229740865967	0.013588447420861072
1875	0.06078666250372415	0.9254896103845066	0.01372372711176928
1880	0.06107496621533735	0.9250673527163812	0.013857681068281447
1885	0.06136857294031492	0.9246400927338799	0.013991334325805127
1890	0.06166000598805804	0.9242158103141642	0.014124183697777681
1895	0.0619492556146767	0.9237951198981499	0.014255624487173435
1900	0.062228059244282305	0.9233849225391806	0.014387018216537095
1905	0.06251276248855595	0.9229697290888477	0.014517508422596359
1910	0.06279525934734272	0.9225581218145271	0.014646618838130121
1915	0.0630668358824308	0.9221574539930857	0.014775710124483532
1920	0.06334475166756472	0.9217519417469455	0.014903306585489773
1925	0.06362044477791128	0.9213487975078969	0.015030757714191822
1930	0.0638939106410052	0.9209486236913024	0.015157465667692382
1935	0.06415585318490283	0.9205611552517351	0.015282991563362103
1940	0.06442471032857344	0.920167049550812	0.015408240120614591
1945	0.06469133188098858	0.9197759012733877	0.015532766845623769
1950	0.06494600132837533	0.9193978498098169	0.015656148861807773
1955	0.06520800741513046	0.9190127344672497	0.01577925811761982
1960	0.06546777492370659	0.9186305589356175	0.015901666140675896
1965	0.06572530345653023	0.918251904135962	0.016022792407507702
1970	0.0659703356157791	0.9178856673510684	0.016143997033152502
1975	0.06622326474638368	0.9170203879442336	0.016756347309382802
1980	0.06647395818174044	0.9161611618967462	0.017364879921513365
1985	0.06672241753028603	0.9153079503842109	0.017969632085503062
1990	0.06695786778995805	0.9144712771245048	0.01857085508553713
1995	0.06720173872334079	0.9136300954412924	0.019168165835366846
2000	0.06744338454871691	0.9127948101572146	0.019761805294068457
2005	0.06768280861981564	0.9119653824128656	0.020351808967318696
2010	0.0679087414709048	0.9111527933418195	0.020938465187275712
2015	0.06814361258273796	0.9103350753531776	0.021521312064084475
2020	0.06837627578689778	0.9095230969322172	0.02210062728088502
2025	0.06860673595486286	0.9087168193363085	0.02267644470882857
2030	0.06882325196813902	0.9079276569330618	0.023249091098799246
2035	0.06904920665330769	0.9071327701619458	0.023818023184746462
2040	0.0692729763637463	0.9063434668349746	0.024383556801279127
2045	0.06949456728298722	0.9055597084580687	0.024945724258944146
2050	0.06970178909070952	0.904793319033618	0.025504891875672397
2055	0.06991893235822258	0.9040206347622182	0.02606043287955928
2060	0.07013391852155025	0.9032533790207464	0.026612702457703308
2065	0.07034675489076625	0.9024915136773211	0.027161731431912695
2070	0.07055744903263664	0.9017350007038453	0.02770755026351812
2075	0.07075327938824912	0.9009961445609549	0.02825057605079595
2080	0.07095960977809267	0.9002503149921751	0.028790075229732204
2085	0.07116382342541913	0.8995097230071348	0.02932645356744601
2090	0.07136592881772005	0.8987743310591333	0.029859740123146628
2095	0.07155280415390511	0.8980568024354544	0.030390393410640537
2100	0.0717506216802297	0.897331785291752	0.03091759302801833
2105	0.07194635894352594	0.8966118550082566	0.03144178604821746
2110	0.07214002520615342	0.8958969745988458	0.03196300019500076
2115	0.0723316299052832	0.8951871072256979	0.03248126286901887
2120	0.07250757970805245	0.8944953351930889	0.03299708509885868
2125	0.07269499908579621	0.8937954642481072	0.03350953666609657
2130	0.07288038745293653	0.8931004954691388	0.0340191170779246
2135	0.07306375486057665	0.8924103926600532	0.034525852479370234
2140	0.07324511149722893	0.8917251197910132	0.03502976871175789
2145	0.07341042428230966	0.891058145886572	0.035531429831118344
2150	0.07358770556803045	0.8903819790067414	0.036030315425228165
2155	0.07376300862305712	0.8897110557947437	0.036525935582199076
2160	0.07393634411940178	0.8890448188957835	0.037018836984814785
2165	0.0741077228247965	0.8883832331658827	0.03750904400932076
2170	0.07426270264577492	0.8877401233777502	0.03799717397647484
2175	0.0744301216120244	0.8870878031803314	0.03848207520764413
2180	0.07459561784494766	0.8864400286477686	0.03896435350728378
2185	0.07475920246569356	0.8857967653903922	0.03944403214391423
2190	0.07492088667239263	0.8851579792093746	0.03992113411823284
2195	0.07508068173504431	0.8845236360984815	0.040395682166474156
2200	0.07522369324572283	0.8839079492654949	0.04086835748878226
2205	0.07537967220660052	0.8832824520469634	0.041337875746436104
2210	0.07553379734509137	0.8826612959380864	0.04180490671682224
2215	0.07568608016154922	0.8820444477287976	0.04226947210965315
2220	0.07583653220482794	0.8814318744086931	0.04273159338647892
2225	0.07598516506802579	0.8808235431681456	0.04319129176382863
2230	0.07611667283766788	0.8802340152611664	0.04364931190116572
2235	0.07626163703190438	0.8796341250312286	0.04410423793686702
2240	0.07640481812579523	0.8790383786159869	0.04455680325821787
2245	0.07654622784048563	0.878446744028567	0.04500702813094737
2250	0.076685877921987	0.8778591894870738	0.045454932590939245
2255	0.0768081497921488	0.8772905366162814	0.04590131359156979
2260	0.07695994627279304	0.8766961944426915	0.046343859284515454
2265	0.07707863890212077	0.8761356422545209	0.04678571884335836
2270	0.07721131038545945	0.8755641415312456	0.047224548083294904
2275	0.07734228223280856	0.8749965640579501	0.04766115370924129
2280	0.07747156626048592	0.8744328793025369	0.04809555443697722
2285	0.0775991742873114	0.8738730569405224	0.048527768772166135
2290	0.07772511813181313	0.8733170668551424	0.048957815013044415
2295	0.0778333307323771	0.8727820084913969	0.04938466077622605
2300	0.07795592972632052	0.8722317234424901	0.0498123468311894
2305	0.07807690092562444	0.8716851913273317	0.05023790774704384
2310	0.07819625605288197	0.8711471218490563	0.050656622098061765
2315	0.07831400699895583	0.8706079945369939	0.051077998464050256
2320	0.07843016539935353	0.8700772455999021	0.05149258900074438
2325	0.07854474310848583	0.8695454075824185	0.0519098493090957
2330	0.07865776081546434	0.8682629118655995	0.053079327318936165
2335	0.07875275559109197	0.8670042813270531	0.054242963081854945
2340	0.07886262521508752	0.8657338222287512	0.05540355255616136
2345	0.07897096134444108	0.8644762505264126	0.056552788129146325
2350	0.07907777564690718	0.8632268278064491	0.057695396546643685
2355	0.07918307970629433	0.8619854824377415	0.05883143785596412
2360	0.0792868850758732	0.8607521435296451	0.059960971394481644
2365	0.07937248703300732	0.8595377808715873	0.06108973209540536
2370	0.07949004584450092	0.8583046541696472	0.06220529998585189
2375	0.07958942413386158	0.8570949325654462	0.06331564330069217
2380	0.07967051804655086	0.8559085943878507	0.06442088756559838
2385	0.0797669653295439	0.8547142794777741	0.06551875519268202
2390	0.07986198337869263	0.8535230721522234	0.06661494446908389
2395	0.07995558339378274	0.8523438976250383	0.06770051898117901
2400	0.0800477766675957	0.8511721872052145	0.06878003612718986
2405	0.0801385744045827	0.8500078763218646	0.0698535492735527
2410	0.08022798776501865	0.8488509010667374	0.07092111116824396
2415	0.08031602790338738	0.8476967871775457	0.07198718491906686
2420	0.08040270580852617	0.8465543091151932	0.0730429850762806
2425	0.08047090180475157	0.8454347291268022	0.07409436906844624
2430	0.0805548586865432	0.8443064927975635	0.07513864851589325
2435	0.08065467633969767	0.8431695164812618	0.07617580717904049
2440	0.08071879778240673	0.8420666983225465	0.0772145038950467
2445	0.08079880164348759	0.8409593720173779	0.07824182633913446
2450	0.08087750942859669	0.8398588922520415	0.0792635983193618
2455	0.08095493184989098	0.8387652007718321	0.08027986737827686
2460	0.08103107956656148	0.8376782399146669	0.08129068051877153
2465	0.08110596321409229	0.8365936876794414	0.08230034910646633
2470	0.08117959328297637	0.8355200315164474	0.0833003752005762
2475	0.08125198030051085	0.8344529363902938	0.08429508330919533
2480	0.08132313470769002	0.833392346945142	0.08528451834716799
2485	0.08139306688954387	0.832338208385581	0.08626872472487512
2490	0.08146178719987832	0.831286271155299	0.08725194164482275
2495	0.08151182840284568	0.8302606844636525	0.08822748713350181
2500	0.08157813585114164	0.829225588186596	0.08919627596226243
