280	0.06839882806987524	0.675824050985629	0.2557771209444957
285	0.06396298308931947	0.6828765377264198	0.25316047918426077
290	0.060940096171245316	0.688816729178026	0.25024317465072865
295	0.059192368840823316	0.6937330739853631	0.24707455717381355
300	0.05829449651817328	0.6979299215744775	0.24377558190734916
305	0.057906777422691603	0.7577267625955624	0.18436645998174606
310	0.05759313691774858	0.8204112226123185	0.12199564046993294
315	0.05697841627326864	0.8520597202773454	0.09096186344938595
320	0.05592235052333436	0.8843175056859327	0.05976014379073291
325	0.054409314168740744	0.8990158993186818	0.046574786512577515
330	0.05263129181700546	0.9137973120013361	0.0335713961816585
335	0.050866736098433535	0.9268401784932983	0.022293085408268243
340	0.04936678219942634	0.9332327501625179	0.017400467638055694
345	0.04834820780712156	0.9390482201217084	0.012603572071170022
350	0.04797179772436853	0.944122885631319	0.007905316644312488
355	0.048214414094663934	0.9456292524886447	0.006156333416691306
360	0.049004264350340256	0.9465446406304238	0.004451095019236018
365	0.05018405586434715	0.9470248664318014	0.0027910777038514523
370	0.0515569638526727	0.9462387167235766	0.002204319423750656
375	0.05288976004800025	0.9452021735903327	0.0019080663616670712
380	0.053956571698161114	0.9444227177690443	0.001620710532794556
385	0.054573876804223785	0.944097390006218	0.0013287331895582843
390	0.05459529926579298	0.9443595682370667	0.001045132497140333
395	0.05393367867995304	0.9451653824926672	0.0009009388273797381
400	0.0525535252464819	0.9466857808687553	0.000760693884762742
405	0.05046751375483424	0.9488656970413787	0.0006667892037870438
410	0.04771690946592991	0.951614384539693	0.0006687059943770723
415	0.04440500925271404	0.9549239446342901	0.0006710461129958434
420	0.04064892012468797	0.9586774106437558	0.0006736692315562065
425	0.03657201415478287	0.9627203545317591	0.0007076313134580792
430	0.03233995917335235	0.9669187926529317	0.0007412481737160137
435	0.028076749366990672	0.9711487992617452	0.0007744513712640844
440	0.023929712116975824	0.9753037343458711	0.0007665535371530474
445	0.020022370720113456	0.9792290670934123	0.0007485621864742331
450	0.016460416502237642	0.9828089402992337	0.0007306431985286688
455	0.013329930806990065	0.9859573785355407	0.0007126906574692615
460	0.010693874471164643	0.9886114214613256	0.0006947040675097105
465	0.00858526231741449	0.9907319532101503	0.0006827844724351939
470	0.007025743712497428	0.992303533763682	0.0006707225238206105
475	0.006005868580146868	0.9933355928167922	0.0006585386030609763
480	0.0055010720645687254	0.9938526660890875	0.0006462618463437542
485	0.00547631507617765	0.9938897843724794	0.0006339005513429363
490	0.005871424538408287	0.9935070213861162	0.0006215540754754834
495	0.006635258278940061	0.9927555065516571	0.0006092351694028109
500	0.007698378873177528	0.9917046302029917	0.0005969909238308091
505	0.008999730053177855	0.9904274615286005	0.0005728084182216042
510	0.010472629276503278	0.9889783208640474	0.0005490498594493687
515	0.01205604095527335	0.9874181906428666	0.0005257684018600273
520	0.013693524057321821	0.9858035389418006	0.0005029370008775569
525	0.015334296179451834	0.9841851097933957	0.0004805940271525033
530	0.016933895048197208	0.9826073583646359	0.00045874658716693606
535	0.01845449798738296	0.9811080833698171	0.0004374186427998916
540	0.019864962808958893	0.9797184777873846	0.00041655940365648014
545	0.021131657204921852	0.9784721559498744	0.0003961868452038164
550	0.022253603877494567	0.9773424027788414	0.00040399334366403306
555	0.02319993496754828	0.9763815055670354	0.00041855946541635713
560	0.02398254483330745	0.9755845529996159	0.0004329021670766986
565	0.024579127305709252	0.9749738259009499	0.00044704679334084396
570	0.025001079836823512	0.9745378951613535	0.00046102500182299
575	0.02525343169388465	0.9742717625933779	0.0004748057127375027
580	0.02535284538569647	0.974158738534175	0.0004884160801285065
585	0.025291365563660583	0.974207201043562	0.0005014333927774173
590	0.025090349067989237	0.9743953660233418	0.0005142849086690049
595	0.024763252572997208	0.974709731489512	0.0005270159374908268
600	0.024324503254653976	0.9751359095631968	0.0005395871821491927
605	0.023789129820758682	0.975658829869968	0.0005520403092733606
610	0.023172435586606678	0.9762632102131966	0.0005643542001967372
615	0.022489712223613872	0.9769337804172495	0.0005765073591366132
620	0.021755992390594624	0.9776554700982478	0.0005885375111575053
625	0.020985231861402963	0.9784257758018027	0.0005889923367943251
630	0.020193559741678524	0.9792169608560891	0.0005894794022324179
635	0.019392464427561335	0.9800175829820265	0.0005899525904121683
640	0.01859642596393205	0.9808131319186453	0.0005904421174226515
645	0.0178129952526464	0.9815960999599317	0.0005909047874219642
650	0.017053693806111832	0.982354934141593	0.0005913720522950916
655	0.016332235583584875	0.9830759668715068	0.0005917975449083457
660	0.01564797749540108	0.9837598029992533	0.0005922195053457147
665	0.015017528514968946	0.9844159054210985	0.000566566063932572
670	0.014435496864187752	0.9850232623041284	0.0005412408316838313
675	0.0139185473963995	0.9855652400124711	0.000516212591129328
680	0.01345734892675451	0.9860511310193452	0.0004915200539002962
685	0.01306809511441639	0.9864647711817149	0.0004671337038686385
690	0.012738440080734556	0.9868185029240633	0.00044305699520219566
695	0.01248363072118341	0.9870971065947108	0.00041926268410574785
700	0.01229650103458996	0.9873077112521249	0.00039578771328507845
705	0.012169268997477478	0.9874369598835285	0.00039377111899396855
710	0.012114996808379864	0.9874932490120399	0.00039175417958015046
715	0.012124606318299303	0.9874856533594094	0.00038974032229133204
720	0.01219577450165804	0.9874164952440436	0.0003877302542983907
725	0.01231997697466024	0.9872942959334413	0.0003857270918984357
730	0.012506248450260367	0.9871100244823012	0.0003837270674383886
735	0.012745052237161643	0.9868732309648388	0.00038171679799958724
740	0.013032866998299909	0.9865874017457403	0.00037973125595980317
745	0.01336602178542782	0.9862562236199282	0.00037775459464406413
750	0.013737718339912356	0.98588649252903	0.00037578913105762446
755	0.014150845767443281	0.9854753207661573	0.0003738334663994092
760	0.014597905978389251	0.985030203870841	0.0003718901507697714
765	0.015075084127348712	0.9845549555678627	0.0003699603047886413
770	0.01557862290236422	0.984053332088719	0.00036804500891673975
775	0.016104850507385228	0.9835290041984657	0.0003661452941491339
780	0.016650204566088893	0.9829855332994605	0.0003642621344506214
785	0.01721125219241584	0.9824263513667799	0.000362396440804269
790	0.017784706492455345	0.9818547444508273	0.00036054905671734083
795	0.01836743977390369	0.9812738549818251	0.0003587052442712846
800	0.01895649374503979	0.9806866094236755	0.0003568968312847032
805	0.019549086983070924	0.9800958041909122	0.0003551088260168589
810	0.020142619949701124	0.9795040382692122	0.00035334178108670233
815	0.02073467782034006	0.9789137260036967	0.0003515961759631425
820	0.021323031383735716	0.9783270961979784	0.00034987241828587923
825	0.02190563625473896	0.9777461928995395	0.00034817084572158485
830	0.022480630628001482	0.977172877643712	0.000346491728286602
835	0.023046331784469586	0.9766088329445082	0.000344835271022248
840	0.023601231546097612	0.9760555668369342	0.00034320161696821394
845	0.02414399085765164	0.9755144182920042	0.00034159085034413117
850	0.024673433658108826	0.9749865633419961	0.00034000299989511706
855	0.025179134813415216	0.9744824382013315	0.00033842698525332615
860	0.02567872377355757	0.9739843911929212	0.0003368850335211393
865	0.026162412683625007	0.973502221544647	0.0003353657717279912
870	0.026629606808775762	0.9730365241495846	0.0003338690416395673
875	0.02707983756959309	0.97258776778343	0.0003323946469768746
880	0.02751275473437514	0.972156302908856	0.00033094235676889294
885	0.02792811863455347	0.971742369456825	0.0003295119086215159
890	0.028314959366677172	0.9713569339634651	0.0003281066698577195
895	0.028694836181745533	0.9709784448016892	0.00032671901656533553
900	0.029057060859356165	0.970617586891203	0.00032535224944085783
905	0.029401759654419896	0.9702742343345038	0.00032400601107629434
910	0.02972913245787885	0.9699481876149841	0.0003226799271369707
915	0.030028611452520785	0.969650024665766	0.0003213638817132214
920	0.030322284795399168	0.9693576382436331	0.0003200769609676968
925	0.03059963642632	0.969081554589669	0.00031880898401093205
930	0.030861095343568946	0.9688213451238851	0.0003175595325459746
935	0.031107133370901093	0.9685765384468283	0.00031632818227056436
940	0.0313281603665771	0.9683567218433246	0.000315117790098296
945	0.03154514053502217	0.9681409381951527	0.0003139212698251015
950	0.03174834376392707	0.9679389146840969	0.0003127415519760257
955	0.03193836206177069	0.9677500597332672	0.0003115782049620819
960	0.03210673568773741	0.9675828306041973	0.00031043370806538295
965	0.032272541231011	0.9674181570623653	0.00030930170662368806
970	0.0324270565681293	0.9672647711730729	0.00030817225879786747
975	0.032562835791924025	0.9671300915658454	0.00030707264223062136
980	0.03269707240577294	0.9669969430074266	0.000305984586800534
985	0.03282198439104499	0.9668731052366653	0.00030491037228974616
990	0.032938224354118084	0.9667579260470099	0.0003038495988719747
995	0.0330398711800316	0.9666573248880324	0.0003028039319360465
1000	0.03314112322775511	0.9665571080357193	0.00030176873652565384
1005	0.03323564786126278	0.9664636063117626	0.00030074582697459107
1010	0.033318765896688564	0.9663814976210657	0.0002997364822456827
1015	0.033402151008304876	0.9662991120798772	0.0002987369118179206
1020	0.03348067188983799	0.9662215795578465	0.00029774855231556874
1025	0.033550948652574436	0.9661522790623411	0.00029677228508440123
1030	0.033621964002773216	0.9660822425866407	0.0002957934105861648
1035	0.03368985774501022	0.9660153056516141	0.0002948366033757033
1040	0.0337525840139909	0.9659535254878665	0.0002938904981425461
1045	0.03381632697863514	0.9658907199473321	0.0002929530740327646
1050	0.03387854348540993	0.9658294315403728	0.00029202497421720874
1055	0.03393853535661962	0.9657703583645699	0.00029110627881046014
1060	0.0339996341089226	0.9657101700338313	0.00029019585724610053
1065	0.03406063698427905	0.9656238060204634	0.00031555699525753766
1070	0.03412218816661588	0.9655371349330737	0.00034067690031047704
1075	0.0341847603350773	0.9654496696554591	0.0003655700094635783
1080	0.0342484948085366	0.9653612883185156	0.0003902168729477129
1085	0.034315354676448244	0.9652700141744822	0.00041463114906958864
1090	0.0343829899119156	0.965178193226499	0.00043881686158542266
1095	0.034452870264412794	0.9650843533526804	0.00046277638290681544
1100	0.03452823979695379	0.96498523818857	0.0004865220144762983
1105	0.03460399867499747	0.9648859643514646	0.0005100369735379084
1110	0.03468291328097592	0.964783752967482	0.0005333337515420755
1115	0.03476945720106218	0.9646741303366437	0.000556412462294098
1120	0.034855885068071614	0.9645648348516224	0.0005792800803060549
1125	0.0349462137852889	0.9644518492835006	0.0006019369312104672
1130	0.035046083776022294	0.9643295236348609	0.00062439258911684
1135	0.035145234651696035	0.9642081308501569	0.0006466344981470584
1140	0.03525507227919103	0.9640762594614519	0.0006686682593570747
1145	0.03536374160096728	0.963945754131855	0.0006905042671776496
1150	0.03547720945839292	0.9638106497496272	0.0007121407919798983
1155	0.03560289776007224	0.9636635173371693	0.0007335849027585439
1160	0.03572669936162376	0.9635184723134064	0.0007548283249698695
1165	0.03585565434140633	0.963368467135701	0.0007758785228926257
1170	0.035998143809146954	0.9632051255272127	0.0007967306636402771
1175	0.03613798631785514	0.9630446136962808	0.0008173999858640535
1180	0.036292118410884484	0.9628699970424061	0.0008378845467094109
1185	0.03644307874682225	0.9626987405003856	0.0008581807527920926
1190	0.03659951322421176	0.9625221932685332	0.0008782935072551012
1195	0.0367712047498653	0.9623305796593183	0.0008982155908163758
1200	0.036938935162485746	0.9621430982508903	0.0009179665866240194
1205	0.03712245626135795	0.9619400040185073	0.0009375397201347724
1210	0.03730148742391223	0.9617415763515884	0.0009569362244993274
1215	0.03748603291149718	0.961537808671288	0.0009761584172147675
1220	0.037687020857884904	0.961317822004194	0.0009951571379210877
1225	0.03788274452701716	0.9611031901743825	0.001014065298600375
1230	0.038095245132851216	0.9608719629106313	0.0010327919565175092
1235	0.03830197528313414	0.9606466619486255	0.0010513627682403603
1240	0.03851403927288019	0.9604162903766192	0.00106967035050054
1245	0.03874325101608323	0.9601688509516499	0.001087898032266832
1250	0.0389659684298149	0.9599280553743956	0.0011059761957894487
1255	0.03919383066368909	0.9596823719539599	0.0011237973823510217
1260	0.039439060108498056	0.9594193986733424	0.0011415412181595697
1265	0.039677114991979734	0.9591637433337858	0.0011591416742344762
1270	0.03993260259983647	0.9588908266084284	0.0011765707917351653
1275	0.04018048664459188	0.9586257473156855	0.0011937660397226546
1280	0.04043309327410263	0.9583560033410268	0.0012109033848706208
1285	0.04070312834840708	0.958068998505506	0.0012278731460869663
1290	0.040964969196212175	0.9577904147702866	0.0012446160335012335
1295	0.04124416662156485	0.9574945458433312	0.0012612875351040165
1300	0.041514806239529266	0.9572073645263056	0.0012778292341650843
1305	0.041789654159702094	0.9569161198764621	0.0012942259638358822
1310	0.04208166488605207	0.9566079654967162	0.0013103696172317436
1315	0.04236463128641643	0.9563088876212567	0.0013264810923269144
1320	0.04266457340053862	0.9559929928199908	0.00134243377947052
1325	0.04295518055013268	0.9556865537629339	0.0013582656869334242
1330	0.043249426370135846	0.9553767037274014	0.0013738699024627987
1335	0.043560296506947926	0.9550502937216875	0.0013894097713645914
1340	0.043861457481000815	0.9547337085315151	0.0014048339874841442
1345	0.04417896080296697	0.9544010225903263	0.0014200166067066533
1350	0.04448654086902814	0.9540782827228134	0.0014351764081584895
1355	0.044797164336245573	0.9537526295972095	0.0014502060665448901
1360	0.04512365010393466	0.9534112627420743	0.0014650871539909627
1365	0.0454399536131398	0.9530802734736571	0.0014797729132031145
1370	0.04577176089002149	0.9527338383205058	0.0014944007894727163
1375	0.04609324878171848	0.9523978270846946	0.0015089241335869419
1380	0.04641718248552712	0.9520595798555557	0.0015232376589172647
1385	0.046756037121749555	0.9517064667198003	0.0015374961584501134
1390	0.04708442722162186	0.9513639182656367	0.0015516545127414183
1395	0.047427319359197646	0.9510070072115738	0.0015656734292285313
1400	0.0477596847372706	0.9506608055874579	0.0015795096752715398
1405	0.04809391370384283	0.9503127710839098	0.0015933152122473704
1410	0.04844198181899318	0.949951032909585	0.0016069852714217792
1415	0.048779487304154955	0.9496000350294563	0.001620477666388731
1420	0.04913036682096767	0.9492357112751924	0.00163392190383993
1425	0.04947069247756025	0.948882032163826	0.0016472753586136424
1430	0.04981232772338586	0.9485271533705888	0.0016605189060253656
1435	0.05016661377948195	0.9481598356183956	0.0016735506021224866
1440	0.0505104124751622	0.9478030090274108	0.0016865784974270381
1445	0.05085520663033573	0.947445293142873	0.0016995002267913284
1450	0.05121190035893736	0.9470758845679458	0.0017122150731169183
1455	0.05155823055673315	0.9467168408806961	0.0017249285625707822
1460	0.051915945773155	0.946346534293107	0.001737519933737941
1465	0.052263408543498716	0.9459865617504845	0.0017500297060167869
1470	0.05261137479518548	0.9456262667205044	0.001762358484310056
1475	0.052969940321708625	0.9452554093584646	0.0017746503198267094
1480	0.053318465515253995	0.9448946708936672	0.0017868635910788244
1485	0.053677057220754665	0.9445239813107372	0.001798961468508109
1490	0.0540257755240007	0.9441633214135736	0.001810903062425706
1495	0.05437455007105789	0.9438026197881774	0.0018228301407647862
1500	0.05473258382432243	0.9434327703185027	0.0018346458571748547
1505	0.055081034782818485	0.9430726563645321	0.0018463088526494698
1510	0.055438201859223366	0.9427038559310598	0.0018579422097169118
1515	0.05578600226624575	0.9423444944701627	0.0018695032635915876
1520	0.05613345814600489	0.9419855665591057	0.0018809752948893976
1525	0.05648881209030061	0.9416189228321047	0.001892265077594657
1530	0.05683515846552047	0.9412612787637409	0.0019035627707386649
1535	0.05718094593297256	0.9407047219195134	0.0021143321475141086
1540	0.057533811378865284	0.9401426026539342	0.0023235859672005033
1545	0.05787806471243348	0.9395907115204553	0.0025312237671112348
1550	0.058228849473098344	0.939033774546522	0.002737375980379597
1555	0.058571303085750544	0.9384867493101765	0.0029419476040729586
1560	0.058912867579351214	0.9379420460482569	0.0031450863723918587
1565	0.05926014609422173	0.9373932209604582	0.003346632945320116
1570	0.05959954167036702	0.9368536577981876	0.0035468005314454043
1575	0.05993787348900869	0.9363166951740283	0.0037454313369630343
1580	0.06028110671813718	0.935776228201781	0.003942665080081897
1585	0.060616932409724836	0.9352446496350395	0.004138417955235618
1590	0.060951534994577054	0.93471563634471	0.00433282866071294
1595	0.06129023321295202	0.9341840286862589	0.004525738100789045
1600	0.06162202330985864	0.9336606165233605	0.004717360166780815
1605	0.061957376969435644	0.9331351121794527	0.0049075108511117405
1610	0.062286166504714725	0.9326174308117926	0.005096402683492651
1615	0.06261349959807615	0.932102622292954	0.005283878108969797
1620	0.06294360584824722	0.931586322596131	0.005470071555621847
1625	0.06326768075377646	0.9310774167701805	0.0056549024760430555
1630	0.06359017778567062	0.9305713186604825	0.005838503553846852
1635	0.06391466866895373	0.9300646099084203	0.006020721422625885
1640	0.06423367719689962	0.9295645628600423	0.0062017599430580495
1645	0.06455099939324041	0.9290675347916123	0.006381465815147314
1650	0.06486954846810415	0.9285704778124537	0.006559973719442169
1655	0.0651831777322898	0.9280796249286261	0.006737197339084178
1660	0.06549502450345145	0.9275917063843774	0.006913269112171161
1665	0.0658073445380607	0.9271048216497036	0.0070878338122356555
1670	0.06611531840038624	0.9266229716799569	0.007261709919656911
1675	0.06642327181322898	0.9261423430812119	0.00743438510555916
1680	0.06672726589378344	0.9256675239632125	0.007605210143004082
1685	0.06702934280081796	0.9251950888635432	0.0077755683356388605
1690	0.06733066988896576	0.9247245633571791	0.007944766753855137
1695	0.06762862467829459	0.9242592212804617	0.008112154041243769
1700	0.06792459555825836	0.9237963014203318	0.008279103021409884
1705	0.06821910265368478	0.923335964520313	0.008444932826002227
1710	0.0685108297052712	0.9228801818483164	0.008608988446412336
1715	0.06880051587177813	0.9224268508967266	0.008772633231495242
1720	0.06908804020711287	0.9219774345095969	0.008934525283290196
1725	0.0693733800946205	0.9215305946069331	0.009096025298446442
1730	0.06965663120485023	0.9210869014825768	0.009256467312573013
1735	0.0699370388133836	0.9206477583316061	0.009415202855010296
1740	0.07021585907961295	0.9202105751058741	0.009573565814512963
1745	0.07049255115233082	0.9197765458654781	0.009730902982191147
1750	0.07076573474165494	0.9193476860308913	0.009886579227453729
1755	0.07103792801129916	0.9189201712172146	0.010041900771486256
1760	0.07130796151368107	0.9184958108735816	0.010196227612737307
1765	0.07157383848363268	0.9180772231520006	0.010348938364366789
1770	0.07183932058442473	0.9176593686228911	0.010501310792684126
1775	0.07210261859433399	0.9172446628864657	0.010652718519200355
1780	0.07236112912362107	0.9168363166074525	0.010802554268926512
1785	0.0726198373024493	0.9164280960600686	0.01095206663748216
1790	0.07287634375085114	0.9160230129997647	0.01110064324938409
1795	0.07313064355551042	0.9156217039364777	0.011247652508011852
1800	0.07337934019368408	0.9152262303138237	0.011394429492492253
1805	0.073629018190226	0.9148307219344939	0.011540259875280068
1810	0.07387647996284705	0.9144389634102709	0.011684556626882059
1815	0.07411774778585868	0.9140536009510425	0.011828651263098844
1820	0.07436057801293071	0.9136682355535191	0.011971186433550218
1825	0.07460118794111677	0.9132853297639548	0.012113482294928368
1830	0.07483503034252184	0.9129099947932448	0.012254974864233437
1835	0.0750710096000641	0.912534059847136	0.012394930552799943
1840	0.07530476944891368	0.9121605639322828	0.012534666618803425
1845	0.07553120536143978	0.9117951601291746	0.012673634509385634
1850	0.07576034509837819	0.9114285681813817	0.012811086720240117
1855	0.0759872708676485	0.9110643909382089	0.012948338194142539
1860	0.07621198493161617	0.9107032391221862	0.013084775946197613
1865	0.07642865832744804	0.9103514636671614	0.013219878005390595
1870	0.07664877892633429	0.9099965036840508	0.013354717389614912
1875	0.07686669867105639	0.9096445347096396	0.013488766619303982
1880	0.07707606085801379	0.9093024197035716	0.013621519438414609
1885	0.07728941687751924	0.9089565664954576	0.013754016627023136
1890	0.0775005865069352	0.9086136671107118	0.01388574638235307
1895	0.07770957480142254	0.908274311413217	0.014016113785360496
1900	0.07790934091717576	0.9079442184260135	0.01414644065681081
1905	0.07811381480770309	0.9076102676942289	0.014275917498068003
1910	0.07831612608386067	0.9072798149043382	0.014404059011801196
1915	0.07850873684026516	0.9069590763313221	0.01453218682841273
1920	0.07870657847668007	0.9066345399971647	0.014658881526155243
1925	0.07890227906109172	0.9063122671159193	0.014785453822989014
1930	0.0790958458279816	0.9059928388213668	0.0149113153506516
1935	0.0792790979682784	0.9056848836670726	0.015036018364649073
1940	0.0794682619978575	0.90537125416469	0.015160483837452499
1945	0.07965531701619008	0.9050604245719361	0.015284258411873752
1950	0.07983161636256435	0.9047614732208993	0.015406910416536412
1955	0.0800143249452758	0.9044563470904786	0.015529327964245554
1960	0.08019495145544825	0.9041539747731047	0.015651073771447033
1965	0.08037350478802509	0.9038549191650797	0.015771576046895275
1970	0.08054073717684467	0.903567104172168	0.015892158650987365
1975	0.08071503670927636	0.9027886665426479	0.016496296748075734
1980	0.08088729234112091	0.9020159357554978	0.017096771903381325
1985	0.08105751372782449	0.9012488668215182	0.017693619450657394
1990	0.08121587569640687	0.9004970542578721	0.018287070045721054
1995	0.08138191674969676	0.8997413073277052	0.018876775922598066
2000	0.08154595497831577	0.8989910872681919	0.019462957753492383
2005	0.08170800065896457	0.8982463501568352	0.020045649184200265
2010	0.08185767487481835	0.8975172082863695	0.020625116838812185
2015	0.0820156312640725	0.8967834322651547	0.021200936470772813
2020	0.08217162820000908	0.8960550074837199	0.02177336431627097
2025	0.08232567646611781	0.8953318911139295	0.022342432419952707
2030	0.08246686680907622	0.894624688102696	0.022908445088227758
2035	0.08261692078782915	0.8939121808509163	0.0234708983612546
2040	0.08276506053647904	0.8932048536504463	0.024030085813074642
2045	0.0829112972428444	0.8925026647872624	0.024586037969893226
2050	0.08304421443763822	0.8918166872696955	0.02513909829266625
2055	0.0831865549803245	0.891124764668841	0.025688680350834492
2060	0.08332702797154451	0.8904378554438991	0.02623511658455635
2065	0.08346564491201261	0.8897559190076659	0.026778436080321488
2070	0.08360241736914306	0.8890789150535181	0.027318667577338807
2075	0.08372532616495218	0.8884184686072757	0.0278562052277721
2080	0.08385832766366762	0.8877513160662936	0.02839035627003872
2085	0.08398952112403626	0.8870889753282463	0.028921503547717498
2090	0.08411891832631448	0.8864314072204691	0.029449674453216446
2095	0.0842340435784275	0.885790651619923	0.02997530480164956
2100	0.08435977236085986	0.8851426129038933	0.030497614735246814
2105	0.08448374183374908	0.8844992295813949	0.031017028584856
2110	0.08460596392021913	0.8838604636135025	0.031533572466278414
2115	0.08472645057100602	0.8832262772415983	0.03204727218739567
2120	0.08483218544915361	0.8826091977947486	0.032558616756097836
2125	0.08494913249656882	0.8819841520584372	0.033066715444994066
2130	0.08506438141459571	0.8813635729656272	0.03357204561977711
2135	0.08517794422089998	0.8807474238846998	0.03407463189440019
2140	0.0852898329433535	0.8801356684618201	0.03457449859482642
2145	0.08538652382832135	0.8795412873592602	0.03507218881241847
2150	0.08549500237336943	0.8789377844965003	0.03556721313013034
2155	0.08560184422186631	0.8783390818636029	0.03605907391453078
2160	0.08570706141570693	0.877744628935282	0.03654830964901101
2165	0.08581066598048372	0.8771543907459789	0.0370349432735374
2170	0.08589865900430849	0.8765817684504231	0.03751957254526839
2175	0.08599898257053877	0.8759999364588467	0.03800108097061461
2180	0.08609773077483025	0.8754222146934727	0.038480054531697006
2185	0.0861949155904167	0.8748485692853274	0.03895651512425591
2190	0.08629054897349503	0.8742789666344013	0.039430484392103615
2195	0.08638464286099139	0.8737133734085484	0.03990198373046028
2200	0.08646266875866933	0.8731656543721928	0.040371676869137785
2205	0.08655363493031591	0.8726080542460424	0.040838310823641755
2210	0.08664309847360287	0.872054363956259	0.04130253757013813
2215	0.08673107121903888	0.8715045512408429	0.04176437754011819
2220	0.08681756496780799	0.870958584099665	0.04222385093252701
2225	0.08690259148997818	0.8704164307931915	0.042680977716830326
2230	0.08697113590060285	0.869892376523364	0.043136487576033056
2235	0.08705318573052655	0.8693578229117155	0.043588991357757956
2240	0.08713380458221087	0.8688269883403225	0.04403920707746667
2245	0.08721300407604207	0.8682998421089472	0.04448715381501078
2250	0.08729079579329155	0.8677763537711767	0.044932850435531746
2255	0.08735179165050778	0.8672711270843109	0.04537708126518136
2260	0.08744220201912237	0.8667402302514581	0.045817567729419584
2265	0.0875002973705616	0.8662422896673152	0.04625741296212316
2270	0.08757250335932512	0.8657331920045541	0.04669430463612079
2275	0.08764335992510473	0.8652276027050163	0.047129037369878946
2280	0.08771287837810436	0.8647254928249798	0.047561628796915834
2285	0.08778106998065004	0.8642268336643103	0.04799209635503965
2290	0.08784794594614066	0.8637315967649443	0.048420457288915086
2295	0.08789757646692999	0.8632567318804671	0.048845691652602885
2300	0.08796179138943978	0.8627664166916323	0.04927179191892783
2305	0.08802472504120049	0.8622794491605692	0.049695825798230286
2310	0.0880863883381105	0.8618004899531051	0.05011312170878446
2315	0.08814679239482329	0.8613201224859761	0.05053308511920063
2320	0.0882059479367912	0.8608476835803911	0.05094636848281775
2325	0.08826386596526131	0.8603738080037816	0.05136232603095714
2330	0.08832056999552164	0.859156785522251	0.05252264448222732
2335	0.08835964184520517	0.8579630477569244	0.05367731039787038
2340	0.08841386853941961	0.8567570565295611	0.054829074931019295
2345	0.08846690097439357	0.8555633781391219	0.05596972088648455
2350	0.08851874977265291	0.854377326805759	0.0571039234215881
2355	0.08856942541948482	0.8531988348864225	0.05823173969409268
2360	0.08861893834100715	0.8520278354674544	0.05935322619153838
2365	0.0886505688247346	0.8508753612483618	0.06047406992690363
2370	0.08871451748532379	0.8497035446370101	0.06158193787766608
2375	0.08876060418799783	0.8485546439636465	0.06268475184835565
2380	0.08878869310588393	0.8474286700222305	0.06378263687188557
2385	0.08883249982508713	0.8462941929426133	0.06487330723229956
2390	0.08887520606586644	0.845162376931525	0.06596241700260863
2395	0.08891682168497828	0.8440420628061944	0.0670411155088273
2400	0.08895735668095446	0.8429287300835175	0.06811391323552796
2405	0.08899682092163955	0.8418223180405989	0.06918086103776155
2410	0.08903522421226459	0.8407227666000376	0.07024200918769774
2415	0.08907257635743852	0.8396256472898495	0.07130177635271207
2420	0.08910888691114205	0.8385396540320275	0.07235145905683049
2425	0.08912690173259465	0.8374762175705274	0.073396880696878
2430	0.08916111887670865	0.8364035510876511	0.07443533003564029
2435	0.08921166524814088	0.83532154900399	0.07546678574786914
2440	0.08922652649037639	0.8342735714685847	0.07649990204103885
2445	0.08925773567475709	0.8332204571164926	0.07752180720875035
2450	0.08928796087313738	0.8321737441830829	0.07853829494377973
2455	0.08931721131280722	0.8311333780727114	0.0795494106144814
2460	0.08934549615729488	0.8300993047616064	0.08055519908109865
2465	0.08937282455849759	0.8290672442150333	0.0815599312264691
2470	0.08939920544708271	0.8280456104389432	0.08255518411397411
2475	0.08942464784838655	0.8270301106674183	0.08354524148419518
2480	0.08944916067085182	0.8260206930974946	0.08453014623165356
2485	0.08947275275921576	0.825017306464768	0.08550994077601626
2490	0.0894954329417611	0.8240157413945451	0.08648882566369376
2495	0.08949947270652563	0.8230403116467729	0.08746021564670148
2500	0.08952032668711156	0.8220547355266901	0.08842493778619842
