280	0.09115356505553107	0.34549591442144056	0.5633505205230284
285	0.1023378887665504	0.3599385913454931	0.5377235198879565
290	0.12857845172959284	0.37500713227003346	0.4964144160003737
295	0.15873496106421167	0.3949138489444127	0.4463511899913756
300	0.18504184453946737	0.42177055893246984	0.3931875965280628
305	0.20254091587810835	0.4921653236087884	0.3052937605131032
310	0.20789782082242547	0.5779712785560618	0.21413090062151274
315	0.2050682719538636	0.6455391956136318	0.1493925324325046
320	0.18586677861665035	0.7213233971793975	0.09280982420395212
325	0.15176320411773328	0.7721843002300885	0.0760524956521782
330	0.11755815853094803	0.8339584525813255	0.04848338888772652
335	0.08152971429511761	0.8801108259408925	0.03835945976398991
340	0.055070843393777213	0.9146655712503374	0.03026358535588536
345	0.03675060485245449	0.937890133024664	0.025359262122881532
350	0.02886753642482846	0.9510379513806861	0.020094512194485437
355	0.02943549312627067	0.9521133712602248	0.018451135613504532
360	0.036436058500204906	0.9467567470508905	0.01680719444890455
365	0.0472276590948234	0.9371392582226667	0.015633082682509847
370	0.05950201167453248	0.9249802230388013	0.015517765286666152
375	0.07161673144730835	0.9126832644973647	0.0157000040553269
380	0.08221338924101856	0.9019663092408674	0.015820301518113977
385	0.0905677743884363	0.8931402599486988	0.016291965662864838
390	0.09629193622527064	0.8869853286151778	0.016722735159551583
395	0.09949861586420283	0.8834682488638684	0.017033135271928734
400	0.10018245970760374	0.8825704928503089	0.017247047442087382
405	0.09859576116054088	0.8837258458622663	0.01767839297719276
410	0.09507786036027942	0.8868150432192071	0.018107096420513447
415	0.09006865628000751	0.8915138825523787	0.01841746116761378
420	0.08396004831226873	0.8974163600827113	0.018623591605019918
425	0.07716085039272715	0.9041298697639184	0.018709279843354465
430	0.07006796200854538	0.9112420765067595	0.01868996148469515
435	0.0629903196973724	0.9183573032149476	0.018652377087679972
440	0.056286377584985704	0.9252334377831553	0.018480184631859076
445	0.05011471687903672	0.9315403026838722	0.018344980437091096
450	0.044747741174417655	0.9371214499037753	0.018130808921806962
455	0.040271014799663336	0.9418457815326544	0.017883203667682257
460	0.03679310522646354	0.9456292301991626	0.01757766457437393
465	0.03422697925615115	0.9486026952944472	0.01717032544940167
470	0.03259153115871641	0.9506745497487971	0.01673391909248656
475	0.03185873450845372	0.9518015421007543	0.016339723390791927
480	0.031880827624888246	0.9521798461909161	0.01593932618419569
485	0.03237468352700825	0.952015645168542	0.01560967130444979
490	0.033399259532511494	0.9513228179543798	0.015277922513108777
495	0.034770800236946356	0.950323891899114	0.01490530786393962
500	0.036399887610686216	0.9490354984983291	0.014564613890984623
505	0.038091460971063765	0.9476425104291124	0.014266028599823843
510	0.03978331531291604	0.9462061285286276	0.014010556158456366
515	0.04136284855876535	0.9447518229289982	0.01388532851223645
520	0.042765390047139897	0.9434275618479468	0.013807048104913289
525	0.04400944139484615	0.9423658459324492	0.013624712672704598
530	0.045001608352898056	0.9415063623587124	0.013492029288389551
535	0.045662887354318955	0.9407223119894281	0.013614800656252868
540	0.046007671963991636	0.9402046030969631	0.013787724939045232
545	0.045978367398911583	0.9401308916993832	0.013890740901705168
550	0.04564842752933297	0.9402835461962529	0.01406802627441417
555	0.04500780540738117	0.9406519500825836	0.014340244510035238
560	0.044189204326058856	0.9411613817122674	0.01464941396167374
565	0.04319836609957694	0.9416791923085465	0.01512244159187659
570	0.04203896521750804	0.9423215945494249	0.01563944023306707
575	0.04074298627227198	0.9431610651573675	0.016095948570360452
580	0.03939069010495312	0.9440222192219563	0.01658709067309061
585	0.03800942988700664	0.945022451458588	0.016968118654405395
590	0.03669690503619982	0.9459317042671327	0.017371390696667488
595	0.03552958437843558	0.9465868221295334	0.017883593492031058
600	0.03457236207699263	0.9470168196667401	0.018410818256267225
605	0.03388672393265431	0.9469719963282414	0.01914127973910429
610	0.03351439689118882	0.9465952426295786	0.01989036047923254
615	0.03344645204751602	0.9460889995410486	0.0204645484114353
620	0.033801753693979836	0.9451571043836644	0.021041141922355733
625	0.03470674893117752	0.9435102582065666	0.021782992862255823
630	0.03612944988963942	0.9413475400771414	0.022523010033219215
635	0.03807712420447067	0.9388671228162042	0.02305575297932516
640	0.04062494965567433	0.9358014074063882	0.02357364293793751
645	0.043743566935412766	0.9324645857106467	0.023791847353940465
650	0.0474989350986814	0.9285205866636647	0.023980478237653924
655	0.05193054121604998	0.9232056659205493	0.02486379286340068
660	0.056983245751149623	0.9172846614199089	0.0257320928289414
665	0.06251522898407502	0.9117186910168288	0.025766079999096192
670	0.0686346968843931	0.9056025426961724	0.025762760419434594
675	0.07547604710859862	0.8981737511413984	0.02635020175000291
680	0.08287928277806635	0.8902102475181252	0.026910469703808504
685	0.09087034267070766	0.8820555836557112	0.027074073673581056
690	0.09937904317920042	0.8734164158032381	0.027204541017561423
695	0.1082434407839574	0.8644055904741397	0.027350968741902904
700	0.11754088319857252	0.8549956729091611	0.027463443892266404
705	0.1272594308091789	0.8448792466115597	0.02786132257926144
710	0.1373470364055167	0.8344291034268903	0.02822386016759304
715	0.14792489937576017	0.823716831356347	0.028358269267892866
720	0.15878295963828232	0.8127565663677718	0.0284604739939458
725	0.1694631078683285	0.8021282643378511	0.028408627793820362
730	0.18033032923577777	0.7913418544622406	0.028327816301981668
735	0.19160055620095384	0.7798141964550446	0.028585247344001585
740	0.2029469810122134	0.7682413457852539	0.02881167320253264
745	0.21410776106018756	0.7572056241012937	0.028686614838518754
750	0.22530108566336318	0.7461569390800561	0.028541975256580754
755	0.2369118994220578	0.7350657058563786	0.028022394721563537
760	0.248515110062319	0.7239940632069426	0.027490826730738438
765	0.259465229193117	0.7122886131947384	0.028246157612144662
770	0.27032362644338803	0.7007130025359559	0.028963371020656048
775	0.2810451843585891	0.6904136794149842	0.028541136226426733
780	0.2916527243506722	0.680235602566585	0.028111673082742872
785	0.3031261252157944	0.6693974063604082	0.027476468423797362
790	0.3144560676510036	0.6587031401907661	0.02684079215823032
795	0.3247634718769056	0.6484092946938788	0.02682723342921567
800	0.334895699528338	0.6383043610657745	0.02679993940588754
805	0.34430638583928913	0.6285706387091808	0.027122975451529974
810	0.3535003691085163	0.6190754434066564	0.027424187484827223
815	0.3634988612295283	0.6094583028553706	0.02704283591510115
820	0.3732883854727165	0.6000506523986545	0.026660962128629007
825	0.38206074029378184	0.5915728335148132	0.026366426191404946
830	0.39063171378605943	0.5832973571184329	0.026070929095507678
835	0.3999783677882144	0.5744934279111127	0.02552820430067293
840	0.40910662630428035	0.5659007820855745	0.02499259161014511
845	0.41746206835909133	0.5574736588454898	0.025064272795418896
850	0.4256002683440671	0.549274374491133	0.0251253571647998
855	0.4334583673016054	0.5417516952420877	0.024789937456306865
860	0.4411277769093402	0.5344135394077173	0.02445868368294246
865	0.44862804512549503	0.5269828169630729	0.024389137911432046
870	0.4559251081059728	0.5197598127260787	0.024315079167948506
875	0.46283905750718235	0.5129930189066588	0.024167923586158824
880	0.4695511259505456	0.5064292091806044	0.024019664868849988
885	0.4759534441689766	0.5002502814773947	0.023796274353628744
890	0.48215613900083154	0.4942695808646192	0.023574280134549264
895	0.4885465931334451	0.4882718816095278	0.023181525257027047
900	0.49475696817979625	0.48244646568971633	0.02279656613048736
905	0.5005167094665629	0.47662889893469973	0.022854391598737367
910	0.5061091022498133	0.470984512364039	0.0229063853861477
915	0.511782339528685	0.4655104590950615	0.022707201376253483
920	0.5173098230623383	0.46017927873160247	0.022510898206059227
925	0.5224841969267626	0.45516791294945846	0.022347890123778913
930	0.5275085388729354	0.4503047792540224	0.022186681873042235
935	0.5324705579109028	0.44568600575716455	0.021843436331932642
940	0.537268464425517	0.4412239914638819	0.021507544110601073
945	0.5420994886074099	0.43658214943154594	0.021318361961044197
950	0.5467871080768842	0.43208054829059345	0.02113234363252231
955	0.5509508648554892	0.42786819729223186	0.02118093785227898
960	0.5549714176828541	0.4238026622805643	0.021225920036581636
965	0.559511406617992	0.41977277652586625	0.02071581685614171
970	0.5639236024774854	0.415857988793052	0.020218408729462567
975	0.5674790416589678	0.41223309522056567	0.020287863120466543
980	0.5709508057883241	0.40869540015046546	0.020353794061210406
985	0.5744369865484177	0.4052101147761548	0.0203528986754275
990	0.5778198230487793	0.4018294463632249	0.020350730587995802
995	0.5812103197519957	0.3986869148236278	0.020102765424376556
1000	0.5845250027890116	0.3956147141098847	0.01986028310110366
1005	0.5878856055631566	0.3922572136120867	0.01985718082475668
1010	0.5911324455391523	0.389014111808568	0.019853442652279674
1015	0.594064347075747	0.3862623482920763	0.019673304632176758
1020	0.5969110926803067	0.3835917817019304	0.019497125617762845
1025	0.5997018696909637	0.3808507385921477	0.019447391716888585
1030	0.6024335225799238	0.37816845338789173	0.01939802403218449
1035	0.6056475036239765	0.3754234693235409	0.018929027052482617
1040	0.6087576280922875	0.37277067932958174	0.01847169257813075
1045	0.6111581587599669	0.37038971653521685	0.01845212470481622
1050	0.6134937028843337	0.36807340897994595	0.01843288813572036
1055	0.616985262518695	0.36535074599898826	0.017663991482316732
1060	0.6204058237909665	0.3626811751307623	0.01691300107827115
1065	0.6224162621734605	0.3606125357383767	0.01697120208816283
1070	0.6243538516864315	0.3586175216567305	0.017028626656837964
1075	0.6268516973048559	0.35619205849187463	0.016956244203269466
1080	0.6292856249014741	0.35382885950197474	0.01688551559655116
1085	0.6311680653309223	0.3522847973431218	0.01654713732595592
1090	0.6330166785117872	0.350767664751036	0.016215656737176787
1095	0.6355943872132959	0.3485330808643417	0.01587253192236243
1100	0.6380957708543631	0.34636645439140673	0.015537774754230183
1105	0.6397525148651103	0.3446216963275968	0.015625788807292873
1110	0.6413667140725865	0.342921001414846	0.01571228451256751
1115	0.6428530977718513	0.3412462525023704	0.015900649725778315
1120	0.644317027983349	0.33959805369759977	0.016084918319051233
1125	0.6462461924176452	0.33796952623979415	0.015784281342560602
1130	0.6481157673552037	0.336393515215782	0.015490717429014311
1135	0.6490232966961431	0.3353981779517996	0.015578525352057282
1140	0.6498910004647402	0.3344429253463526	0.015666074188907142
1145	0.6526824540234387	0.33267987713490754	0.01463766884165374
1150	0.6554200177038927	0.3309510358015643	0.013628946494542993
1155	0.6563120567597011	0.32928694575528544	0.0144009974850135
1160	0.6571983496560034	0.32764459405021784	0.015157056293778726
1165	0.6583078481695778	0.3265682512367952	0.015123900593627004
1170	0.6593798384837383	0.3255274660029228	0.015092695513338916
1175	0.6610655867732207	0.3241287277793674	0.014805685447411898
1180	0.6627070774282885	0.32276792063532844	0.014525001936383064
1185	0.6637010294948055	0.321638303541838	0.01466066696335655
1190	0.6646748814759356	0.32053042864411013	0.014794689879954304
1195	0.6661913737284618	0.31937785015204934	0.014430776119488842
1200	0.6676903133900789	0.3182369502964842	0.014072736313436918
1205	0.6685135066228227	0.31727761041993013	0.014208882957247149
1210	0.6693314925097685	0.31632560513537855	0.014342902354852916
1215	0.6706720523336983	0.3150558414186424	0.014272106247659289
1220	0.6719812847291711	0.3138149527221448	0.014203762548684107
1225	0.6734735752746892	0.31266712222039217	0.013859302504918625
1230	0.6749342118048522	0.3115444173812101	0.013521370813937672
1235	0.6756392520237058	0.31035972662305006	0.014001021353244159
1240	0.676334129394874	0.3091923489273235	0.01447352167780247
1245	0.6778020353379769	0.30806562510432395	0.014132339557699158
1250	0.679257088860306	0.3069468619377003	0.013796049201993676
1255	0.6803288614238687	0.30564915851610513	0.01402198006002614
1260	0.6813801932774691	0.30437410349518823	0.014245703227342643
1265	0.6819901501354634	0.3039438904887019	0.014065959375834713
1270	0.682584303683781	0.30352586762290296	0.013889828693316064
1275	0.6834268191015499	0.30256877496302603	0.014004405935424069
1280	0.6842598618098877	0.3016220330064553	0.01411810518365697
1285	0.6854172942801678	0.3004915137021004	0.014091192017731735
1290	0.6865680405610691	0.2993674673809366	0.01406449205799426
1295	0.6871506867890648	0.298550161148651	0.014299152062284215
1300	0.6877336986412962	0.29773552002413683	0.014530781334566978
1305	0.6885122884226003	0.29687833051002566	0.014609381067374083
1310	0.6892794884796184	0.296032064986219	0.014688446534162625
1315	0.6904351970343612	0.29527219043489694	0.014292612530741877
1320	0.6915778298655471	0.2945196798766181	0.013902490257834854
1325	0.6924470200658451	0.29350900855004775	0.014043971384107123
1330	0.6933095508645142	0.2925061652630984	0.014184283872387404
1335	0.6943917076954831	0.2916718993885654	0.013936392915951501
1340	0.6954694018769921	0.2908395421018942	0.013691056021113646
1345	0.695676691945302	0.2904340148314646	0.013889293223233401
1350	0.6958870984948355	0.2900272544494142	0.014085647055750272
1355	0.6971078661706539	0.28851278139951464	0.01437935242983146
1360	0.6983191668614744	0.2870107352695134	0.014670097869012189
1365	0.698898321761253	0.28658841591193035	0.014513262326816656
1370	0.6994755525923623	0.2861652699828203	0.014359177424817404
1375	0.6997465743543977	0.2855139555607791	0.014739470084823236
1380	0.7000202734127077	0.284863273820333	0.015116452766959332
1385	0.7015267111451375	0.2834648073750811	0.015008481479781344
1390	0.7030253707073326	0.28207336758700724	0.01490126170566014
1395	0.7033791316713159	0.28165233915417137	0.01496852917451269
1400	0.7037356320995064	0.28122939576246414	0.015034972138029457
1405	0.7048027429708692	0.2802360111285815	0.014961245900549314
1410	0.705868679498655	0.27924205487292236	0.014889265628422688
1415	0.7068082336514907	0.2778434872748995	0.015348279073609805
1420	0.7077476067322668	0.2764497067733047	0.01580268649442851
1425	0.7084508888952274	0.27595111184417115	0.015597999260601403
1430	0.709155306597707	0.2754493602529402	0.015395333149352819
1435	0.7102938235312026	0.27453410105504955	0.015172075413747821
1440	0.7114281866491758	0.2736213463545237	0.014950466996300482
1445	0.7119552716827565	0.27294940275404705	0.015095325563196427
1450	0.7124883944996487	0.272271586397524	0.01524001910282724
1455	0.7134277792412224	0.27147300183559825	0.015099218923179392
1460	0.7143712762875908	0.2706681863239433	0.014960537388465922
1465	0.7158893506338623	0.26902547261694454	0.015085176749193185
1470	0.7174011495487389	0.2673906030769929	0.01520824737426818
1475	0.7171825347382039	0.2673464525810534	0.01547101268074269
1480	0.7169676771276406	0.267300212570323	0.015732110302036362
1485	0.7183498416245273	0.2661254374315327	0.015524720943939974
1490	0.7197248651970514	0.264956449994839	0.015318684808109606
1495	0.7205540192958969	0.2642985578389066	0.015147422865196492
1500	0.7213910216027632	0.26363070325111826	0.014978275146118492
